,1.061146,1.054669,1.0459695,1.0345157,1.0510732,1.0631135,1.0504786,1.0449122,1.0436136,1.0575029,1.0683432,1.0467027,1.0338788,1.0396415,1.0757211,1.0679771,1.0484605,1.0346375,1.0535951,1.082075,1.0349865,1.0341657,1.069549,1.0598872,1.037012,1.0402886,1.0681766,1.0485985,1.0482397
,1.0575475,1.0429841,1.044022,1.0457017,1.0583808,1.0558823,1.0409755,1.0623636,1.0557991,1.0528698,1.0536376,1.0565087,1.0529823,1.0466769,1.0494115,1.0528024,1.0578157,1.057702,1.0596527,1.038259,1.0521888,1.049546,1.0558045,1.0665958,1.0549722,1.0371276,1.0466686,1.0619512,1.0596645,1.0505265,1.054119,1.0599854,1.042533,1.0507547,1.0574001,1.0525793,1.0550009,1.0646367,1.0569053,1.0371922,1.043227,1.064043,1.0608642,1.0544158,1.0409673,1.053873,1.0491496,1.062448,1.0537227,1.0326883
,1.0469733,1.0640281,1.0655104,1.031651,1.0620395,1.0593919,1.0549101,1.0492744,1.0572537,1.0490304,1.0363094,1.044917,1.0647355,1.0720248,1.0548161,1.0441083,1.035515,1.0067543,1.0609859,1.1302091,1.0903273,1.031106,0.9938942,1.001247,1.08116,1.1247199,1.0634993,1.0431764,1.0177026,1.0438998,1.0633144,1.0724571,1.086544,1.0546708,1.0252601,1.0502965,1.0469565,1.0279653,1.0758193,1.0661391,1.0537128,1.0618072,1.0525928,1.0544938,1.0667719,1.0423902,1.0392808,1.0606762,1.0599552,1.0476528
,1.0667174,1.0462801,1.037839,1.0453691,1.0568169,1.061436,1.0640726,1.0495045,1.0399663,1.0640644,1.0569341,1.0551666,1.0508008,1.0504209,1.048012,1.0585067,1.0707542,1.091322,1.0582702,1.0264859,1.0174413,1.0344207,1.0392302,1.0425457,1.0726306,1.0401787,1.0832837,1.0387387,1.029486,1.0488389,1.0633072,1.07972,1.0639879,1.0404656,1.039673,1.0502034,1.0644807,1.0501335,1.0375433,1.0571798,1.046628,1.004434,0.9816501,0.997011,1.0846366,1.1643392,1.1376969,0.94138545,0.81494427,0.8768409
,1.0680647,1.09837,1.0940043,1.1138119,1.1091211,1.0103402,0.92773664,0.95088625,1.3141127,0.99859774,1.1810656,1.3036985,1.3513393,1.2488055,1.1322123,1.0979908,1.1536278,1.1619133,1.131015,1.049717,1.024328,1.037084,1.0208312,1.037481,1.0539668,1.0706965,1.0569763,1.0065918,1.02186,1.0925473,1.1121677,1.1208028,1.0726446,1.096392,1.0827999,1.0823971,1.106254,1.0963825,1.116728,0.9722513,0.95709205,0.98640734,1.101321,1.0674064,1.0721723,0.97997636,0.9569481,0.99266535,1.1042424,1.1599416
,1.2295793,1.1945008,1.114924,1.0793351,1.0285897,0.93970805,0.9585169,1.2933847,1.142143,1.0250741,1.0433909,1.0285784,1.0308045,1.0277537,1.0510566,1.0997225,1.0794168,1.096597,1.0982436,1.0949012,1.1074749,1.0715011,1.0497998,1.0437373,1.0388021,1.034988,1.0372658,1.1014625,1.1422505,1.1215352,1.0458895,1.074725,1.1355603,1.1062233,1.0644408,1.1057887,1.0702672,1.0760448,0.98248905,0.8684552,0.94123155,1.2598749,1.2230805,1.064281,0.98440385,1.076736,1.1750891,1.1073762,1.0147817,1.0742116
,1.0065306,1.0402027,1.1355442,1.1191862,1.1026142,1.0857003,1.0762812,1.0650986,1.0586805,1.0623018,1.0730709,1.0620605,1.0757645,1.0960581,1.0710924,1.0639739,1.1026732,1.1301467,1.0858805,1.0579641,1.0185317,1.0641805,1.1498512,1.1117857,0.9369293,0.93849367,0.99875414,1.0413089,1.0638363,1.0805925,1.0507519,1.0630186,1.0715952,1.1072259,1.1027064,1.0852146,1.0560842,1.0641702,1.0770706,1.0792152,1.0532814,1.0547063,1.0477718,1.0465522,1.055876,1.0693223,1.0767995,1.0654774,1.083401,1.039893
,1.0475547,1.0903907,1.0698402,1.0650553,1.0604855,1.0552356,1.0515863,1.0510446,1.0597963,1.0874708,1.1080045,1.0970436,1.0499023,1.1168883,1.1296805,1.0906994,1.0822726,1.0593817,1.1189487,0.99332094,0.8846116,0.8975037,0.97564876,1.1075296,1.2567843,1.242455,1.0643163,0.9735994,0.9880858,1.0105304,1.0571237,1.0917813,1.0697687,1.0774297,1.0514696,1.0485424,1.0582246,1.0349536,1.0520281,1.0707077,1.082579,1.0651699,1.0423002,1.1016225,1.1248298,1.1001289,1.0475544,1.0646503,1.0799159,1.091498
,1.086395,1.1043245,1.1538215,1.0667275,0.92509264,0.93460494,1.0991931,1.0495276,0.9377284,1.0522408,1.1959689,1.2132577,1.1591431,1.0889509,1.010755,0.95486075,0.997808,1.0835794,1.1134641,1.1126012,1.0382273,1.0080949,1.0531237,1.0720861,1.0826254,1.0982212,1.07534,1.05776,1.0189832,1.0232977,1.0506718,1.073905,1.0522938,1.0591769,1.0658588,1.0618982,1.038485,1.0587106,1.0514053,1.0549242,1.0677278,1.0874054,1.1294996,1.1092527,1.1135356,1.1436749,1.0283934,1.0076303,0.99545294,1.0907784
,1.1005476,0.91021174,0.9603074,1.0730588,1.1147939,1.1449177,1.1386561,1.0652174,1.0081336,0.9753119,1.0441533,1.1230264,1.1523302,1.1122526,1.015169,0.99867684,1.042862,1.0739356,1.0634896,1.0678632,1.0662277,1.076288,1.0762857,1.0684611,1.0427053,1.0468749,1.0683639,1.0772097,1.0744734,1.068542,1.0703542,1.0569483,1.0730238,1.0725732,1.0648028,1.0558217,1.0768441,1.1223763,1.2335767,1.1422865,1.1562339,1.166991,1.1724219,1.0583208,0.99478996,0.9615326,0.98488253,1.0163717,1.0302243,1.0902925
,1.0826771,1.0794159,1.1161519,1.0838952,1.0533208,1.1550281,1.2104369,1.1277223,0.79378796,0.8263329,0.925181,0.94321656,0.8633164,1.07697,1.1874688,1.1710685,1.0641772,0.98606265,0.9956218,1.0399779,1.0681019,1.0553533,1.0430744,1.0662781,1.0537149,1.0452244,1.041608,1.0245051,1.0465295,1.0471363,1.0442307,1.070006,1.0584775,1.0368184,1.0348861,1.0279046,1.0432566,1.0369519,1.0694664,1.0702893,1.0363644,1.0150694,1.0277333,1.0415479,1.0470281,1.0529101,1.0469089,1.0379808,1.0653281,1.0455797
,1.040886,1.0314119,1.0493128,1.0354909,1.0640173,1.0598049,1.0196234,1.013011,1.0571554,1.0623405,1.0470072,1.0293481,1.0456228,1.0396501,1.0404954,1.0448622,1.0464878,1.054536,1.0510222,1.0325646,1.0119563,1.0318353,1.0709215,1.0592511,1.0475125,1.0393959,1.0404972,1.0279616,1.0341603,1.075309,1.0638249,1.0370418,1.0252415,1.0286758,1.0569062,1.0645165,0.9977085,0.9858963,1.0206273,1.0650836,1.0633498,1.0216519,1.0377688,1.124475,0.9275645,0.9609398,0.9832386,1.1398582,1.228238,1.173654
,0.97412705,0.89105517,0.98592293,1.0637922,1.0813375,1.0490428,1.0060924,1.026896,1.0520194,1.0481423,1.0542905,1.0436392,1.0482615,1.0327088,1.0304455,1.0528209,1.0662342,1.0620269,1.0385349,1.0385996,1.0305855,1.0391073,1.0447742,1.0381708,1.0420995,1.0424529,1.0430063,1.0369263,1.0349015,1.0381433,1.0580606,1.0360883,1.0431112,1.044406,1.0273407,1.0491444,1.0476516,1.0334846,1.0393949,1.0479537,1.0437632,1.0365177,1.0394497,1.0497609,1.0591512,1.0520488,1.0344034,1.0409318,1.0397322,1.0417116
,1.0487466,1.0396318,1.0354438,1.0677048,1.0589917,1.0217836,1.0393959,1.0517893,1.0448326,1.0386571,1.0440927,1.0468787,1.0351495,1.0345291,1.0461853,1.0397984,1.0418832,1.042363,1.0385015,1.0467814,1.0429122,1.035144,1.0235114,1.0453957,1.0627203,1.0538025,1.038878,1.0152783,1.037736,1.0493866,1.0408236,1.0316172,1.0399102,1.0436194,1.0560791,1.0575793,1.0485581,1.0395985,1.0334514,1.064029,1.0464034,1.0220499,1.0246037,1.0435172,1.0512823,1.0399038,1.0500652,1.0550976,1.0672177,1.0409793
,1.0403228,1.0378002,1.0251501,1.0221071,1.0247028,1.056734,1.0821743,1.066957,1.0598639,1.0152817,1.0172136,1.0271456,1.0527239,1.041277,1.0592635,1.050713,1.0270253,1.0794812,1.1144943,1.0608467,1.0108738,1.004888,1.0430665,1.0557963,1.0639511,1.0521713,1.0428859,1.0336943,1.0266691,0.89827466,0.9078967,0.9743182,1.0318046,1.1605579,1.2284865,1.1482466,1.0472428,1.0295851,1.0723054,1.106874,1.1455994,1.1289117,1.0670859,1.049597,1.013801,1.0154212,1.0583574,1.1054269,1.0940573,1.0870806
,0.970601,0.9684505,0.99688774,1.0011854,1.0351261,1.100057,1.1370174,1.1541775,1.133025,1.0601192,1.0620198,1.0834211,1.0829607,1.1447554,1.1388943,1.1519176,1.1431562,1.1533335,1.2475795,1.2516338,0.933441,0.84683746,0.8304724,0.98801446,1.2055295,1.1281537,1.0158283,0.9595349,0.9624649,1.0034419,1.0375233,1.0616621,1.0949879,1.1388923,1.1355511,1.084149,1.062389,1.0213857,1.0599935,1.0696403,1.0837462,1.05375,1.0559696,1.0628364,1.0675809,1.0576887,1.0361521,1.0270629,1.0560604,1.0731164
,1.098325,1.0537778,1.0898017,1.1116933,0.7352019,1.087886,1.0753229,1.2203091,1.232042,1.1688904,1.0725323,1.0172298,0.9821997,1.0047966,1.0186388,1.1016471,1.115027,1.1144994,1.1273099,1.0925229,0.96347237,0.9424883,1.0501738,1.0935781,1.1036547,1.114255,1.0853162,1.1200447,1.1216079,1.1074623,1.0874497,1.0511999,1.1328218,0.96573627,0.9121488,1.038603,1.1913596,1.0435692,1.0974149,1.0772582,1.1147465,1.1089171,1.0804977,1.0781463,1.0893728,1.1019802,1.0833147,1.0511189,1.0582848,1.0580817,1.0804973
,1.0718849,1.1090624,1.0899744,1.0704033,1.0593936,1.0524001,1.0735109,1.0860875,1.102403,1.1467907,1.1989069,1.263869,0.72756124,0.9507031,0.9084217,0.99761164,1.0829179,1.2745916,1.3143072,1.1814712,0.96355104,0.9080173,1.0027516,1.0667434,1.1578772,1.1092511,1.0178928,0.95909935,0.9752007,1.0375272,1.1193262,1.1608545,1.1366508,1.3527032,1.3255479,1.1187478,1.1932031,1.2920932,1.3702861,1.3064629,1.1877407,1.1613159,0.90298223,0.7735722,0.8552861,1.1121703,1.1323781,1.0444565,1.1119794,1.187642
,1.0879914,1.2553538,1.1318026,1.0587624,1.1891309,1.230235,1.1346309,1.0994074,0.9100732,0.8972768,1.1067826,1.3413112,1.3750142,1.4101508,1.3195691,0.89794874,0.61697465,0.84805214,1.377102,1.2795563,1.056528,1.0207549,1.0596097,1.0724014,0.8108566,0.69025075,0.6084987,1.0664446,1.4390962,1.1117512,0.78221565,0.7221042,0.78954935,1.2698514,1.528942,0.82319874,0.5846201,0.6809214,2.0011272,1.9139049,1.3705362,0.8849119,2.6340177,1.4491011,1.5005637,0.78449434,0.7784452,1.206171,1.0176438,2.383965
,0.6691018,0.69949955,0.50147474,0.5325361,1.6178716,1.1678917,1.3784487,1.102372,1.3671753,1.6651971,1.7118589,11.692217,3.3494976,2.5353098,4.2092304,3.2462227,3.7104998,5.5231357,5.1774764,4.183987,2.3464193,1.1432523,0.54783666,0.62015074,0.6180964,0.97329074,1.2255933,1.4873718,1.5347435,1.4893467,1.4004253,1.2502098,1.3335353,1.3754638,1.3119041,1.2030259,1.175097,1.3717757,1.5811625,1.3234121,1.0918264,0.94470656,0.75489575,0.744951,0.89872414,1.0774063,1.4335876,1.4033478,1.14994,1.0365978
,1.0422666,1.0989263,1.2172648,1.3380278,1.2435708,1.181917,1.1290915,1.1517755,1.1034174,1.0005316,0.8962598,0.7200482,0.64209116,0.8081308,1.1111263,1.3209602,1.3852507,1.6542057,2.0257695,2.2206593,1.8897609,1.4867226,1.1230781,1.0087935,0.77448475,0.8064132,0.846177,0.9251792,1.1644933,1.3602327,1.417834,1.2462656,1.1819243,1.1883049,0.88369954,0.97150433,0.9447707,0.83665365,0.8966058,1.1218753,1.2992191,1.2533365,1.0562649,0.7887737,0.70287204,0.79042953,1.1647385,1.6876723,2.1925576,1.8739742,1.3066801,1.4563918
,3.2245662,5.431461,2.9105167,1.3561317,1.3663595,0.89578986,0.48007703,0.6890777,1.0253937,0.71361625,0.32912996,0.5807868,1.0636499,1.4177064,1.525769,1.3953711,1.2781069,1.1774287,1.167234,1.0280979,0.77247006,0.788024,1.1180643,1.2576963,1.3847752,1.3515438,1.0549629,0.61280954,0.6212161,0.45303643,0.34738848,1.3543944,2.6216114,2.5985782,2.4033017,1.3567535,0.71749365,0.83731335,1.3595978,1.9285138,2.5353806,2.9628277,3.4331453,3.750011,3.3029373,2.6378725,2.1807942,1.9605782,1.7999564,1.4768586
,1.0844343,0.8360072,0.81923324,0.9650136,0.8119471,0.5975566,0.59062815,0.63164014,0.5170947,0.43176487,0.3985381,0.6371008,0.7927749,0.75298345,0.70424044,0.5844322,0.6428172,0.83499014,0.8048462,0.6885393,0.96400493,1.5688298,1.9296683,1.8857657,1.748966,1.9330107,2.0702972,2.0740416,2.0161018,1.9068497,1.7432417,1.6661808,1.6900928,1.6188793,1.491325,1.3506789,1.1671326,1.0564895,1.0338024,0.9773309,0.91623795,0.9649751,0.91856825,0.79882526,0.8704576,0.8242759,0.8513453,1.0287122,1.038758,1.0422928
,1.0217521,0.8999173,1.0101912,1.0990821,1.1546004,1.2212467,1.404562,1.5589434,1.5813111,1.5607607,1.4868722,1.3832902,1.2929717,1.2798156,1.3254528,1.3565282,1.3589165,1.4027998,1.3482772,1.28312,1.1323508,1.0904572,1.0879078,1.0983042,1.1447583,1.093919,1.0655438,1.0173924,0.9576653,0.8839188,0.8420498,0.85350883,0.9111124,0.97214603,1.0081053,1.0171227,1.0570154,1.0273345,1.0557107,1.1162739,1.1530012,1.139818,1.1275436,1.182934,1.0898203,0.99197763,1.1172435,1.2626415,1.3331664,1.3113554
,1.2362391,1.2408237,1.1975511,1.1808364,1.2667032,1.2430305,1.1071664,1.113371,1.2105724,1.2867217,1.2644713,1.2222661,1.1584297,1.1067474,1.1987268,1.2765273,1.2276062,1.2538865,1.2734637,1.2319392,1.1807588,1.2218292,1.1779643,1.1723322,1.1353081,1.1153083,1.084563,1.0822845,1.0882105,1.089534,1.0167037,1.0398618,1.0769079,1.0632722,1.1165816,1.1973197,0.9756779,1.0527402,1.1394418,1.3416307,1.1787479,1.0306789,1.6371642,1.1483213,1.6573892,0.92846346,1.3343289,1.2608525,0.91592395,1.2506433
,1.2561516,0.7094765,0.76706004,1.3146526,1.306167,1.3246204,2.2541707,4.2538576,4.619702,2.9298327,1.9870199,1.4598317,0.6828972,0.29194915,0.13126874,0.1571469,0.21943335,0.26434302,0.29150617,0.52974874,1.3509084,2.3153265,2.13189,1.4727964,1.2673273,1.2612091,1.2840186,1.0266093,0.6711482,0.7594024,1.1069318,1.7066131,1.8051299,1.7005588,1.2420387,1.0636833,1.3606249,1.3677038,1.5004075,1.1657262,1.2191215,2.0122612,2.2602735,1.770762,1.3246045,1.5060188,1.6014786,1.2826229,0.922666,0.5338648
,0.54612553,0.59162796,0.9323668,0.62439007,1.1266192,0.9834465,1.4809825,1.1640805,0.94847995,0.83967245,1.3873842,1.7300982,2.4930038,2.7291782,2.678639,2.9447348,3.1345859,2.9828675,2.2381873,1.4593208,1.167643,1.188596,1.2415231,1.4590422,1.6064003,1.5396881,1.2416909,1.0150007,0.9556594,0.93262297,1.035645,0.84446156,1.1611167,1.1949748,1.1026849,1.1960139,1.0416878,1.2449555,2.5198982,1.4924811,1.003352,0.57792544,0.38907793,1.1424017,1.2606351,1.0680757,1.4511186,1.1220193,1.6996754,4.2675195
,2.0405211,1.3074319,10.226081,2.2274163,2.4422915,1.909065,1.7333145,1.1867719,0.7644706,0.28701892,0.10538278,0.5260221,0.24157366,0.28780186,0.27902687,0.36732495,0.16066463,0.3630838,0.8108422,1.2455314,1.2817101,1.5608866,1.8281869,1.822631,1.8672705,1.8527786,2.0313697,1.7261603,0.81283545,1.1286292,1.8095645,2.0263798,1.1689852,2.2982616,1.7330062,2.082244,3.1404588,2.1703024,0.86028,0.383559,0.41240427,0.41564986,0.3580503,0.2599866,0.37652367,0.22479323,0.25701046,0.4153579,0.81471777,1.053607
,0.8694555,0.57008636,2.1254911,7.540242,6.069783,2.8137634,1.8231106,1.3018239,1.91473,2.5247602,2.884039,3.0753567,2.6898615,2.7125695,0.77171385,3.1750224,1.3265716,0.4644259,0.020681046,0.44067323,0.9272402,0.5165565,0.39752963,0.41140065,0.21021031,0.29253274,0.18498479,0.5898934,2.4772122,5.862938,4.482572,2.9492269,1.3684521,0.9837857,3.203225,4.070281,2.3935297,2.2351265,1.5275197,1.4079795,2.4943166,2.3549955,2.3335576,2.8914938,1.9657121,1.1976144,1.0340675,1.0253642,0.81051934,0.51453084
,0.45532772,0.25726157,0.30703506,0.3906473,0.60750175,1.0043203,1.2628496,1.2887168,1.5287665,2.1800337,2.583029,2.0258203,1.9321406,1.9417945,2.4340124,2.8696516,1.5322406,2.0277328,2.4834533,2.7593193,2.572785,1.9819317,1.1330467,0.7540479,0.53535306,0.33760378,0.43072066,0.32586324,0.13359123,0.08452126,0.05241335,0.13766442,0.27700213,0.67348313,1.7511278,2.9885168,2.2848742,1.8681908,2.6792736,2.9310536,1.8622819,0.8751382,0.7332831,0.50475407,0.81009257,2.204681,5.124372,5.696939,1.1573763,0.6860237
,1.6246133,2.5835416,3.2216558,2.748448,1.748483,1.7786448,0.9461631,0.44830298,0.44217792,0.41929644,0.4048187,0.47788262,0.5733456,0.71374905,0.8502092,1.3666532,2.1149487,2.3415658,2.0211341,2.0071447,2.0779965,1.8781505,2.3637502,2.6049993,2.1682088,2.1451998,3.0713317,3.2955337,3.086716,2.7483368,1.9015572,0.9208397,0.8665588,0.67516905,0.33126757,0.25622857,0.17368601,0.11527948,0.09452329,0.08525916,0.09904314,0.13768692,0.2613166,0.9985697,4.1056066,8.589259,4.2237067,1.301779,1.4589561,1.2409521
,1.8510216,3.4673433,2.5610228,0.99976414,0.9884966,1.3845103,1.8201934,2.3377523,2.427835,1.5982403,0.71580577,0.5760061,0.5957305,0.633801,0.65560424,0.69982094,0.64738697,0.6174982,0.66074663,0.92461133,1.4290875,1.6152903,1.5102793,1.5345484,1.6814733,1.633598,1.5573268,1.6834863,2.084627,2.7687821,2.5568247,1.8896985,2.3825407,2.9229927,2.582524,1.9562092,0.9754907,0.6942869,0.60970825,0.46318445,0.5215026,0.33440468,0.26819977,0.16061595,0.12442858,0.1579697,0.2333672,0.35330665,1.2622373,3.53282
,5.6681604,4.0710573,1.8907477,1.0384265,1.4689549,0.7990138,0.92848855,2.4053636,3.7791793,2.5967422,0.78984106,0.67095166,1.4332142,2.0471282,2.4815679,2.854548,1.757006,0.73695487,0.63487685,0.6428814,0.6526432,0.5494704,0.51500744,0.44985044,0.5784418,1.0911157,1.494314,1.2781458,1.2363486,1.6061645,1.9537405,1.8528965,1.6055826,1.8144492,2.2790375,2.4170709,2.0957105,1.5524215,1.7394881,2.2735116,2.8756838,3.0359874,2.3261905,1.676874,0.75630647,0.46717766,0.56894326,0.6481501,0.4154534,0.2888933
,0.2013254,0.15009078,0.18484172,0.35606784,0.6244428,1.1871785,2.445661,4.2838893,4.1652613,2.214661,1.0431634,1.5272824,0.61319536,1.2155488,3.2959282,4.83745,0.81951344,0.95235354,1.5151875,2.086124,2.6698785,2.2855906,1.1797469,0.50985545,0.4932568,0.50834686,0.5477782,0.49770764,0.3787469,0.34484237,0.688583,1.4204246,1.8588713,1.7494789,1.6053131,1.8265212,2.4516683,2.4949806,2.0354867,2.188633,2.4663246,2.6737397,1.9277886,1.6768242,2.2891922,2.611547,2.8206613,2.4732335,1.9237278,1.3222656
,0.8144208,0.52394867,0.33935755,1.2905889,0.39087752,0.12165537,0.15892416,0.23148733,0.44951975,1.0989031,3.4297771,5.592723,5.79801,2.1260586,0.7349793,0.8100454,2.3596272,2.440934,7.574732,3.03255,1.4502087,0.938565,1.263443,2.2169216,2.6480196,3.3651128,2.8626213,1.9324435,0.40407532,0.5048178,0.4811656,0.35829046,0.33714348,0.28042808,0.5654207,1.2557802,1.9131666,1.7899694,1.5432811,2.163545,2.4697673,2.0726302,2.1513782,2.7935886,3.169352,2.572334,3.323542,3.5447085,3.0927658,2.6107357
,2.0977964,1.2061548,0.65459955,0.560759,0.3211963,0.33265874,0.1393078,0.09651975,0.25812173,0.18210751,0.11597731,0.24245164,1.7876697,5.919123,8.315285,4.2550187,2.0816994,1.680449,4.339083,1.75955,1.995694,1.888915,1.2164863,1.4000452,1.9668906,3.120495,3.713255,2.5476317,1.837169,1.4644542,0.7728026,0.54046607,0.45923117,0.36036313,0.3064563,0.21314156,0.44909683,1.2646592,2.27433,2.3337743,1.7171335,2.5574298,3.0547352,2.6128325,2.6790926,2.4096348,2.8186402,2.408178,2.7085905,2.8346245,3.5432215
,3.817939,3.2800474,2.0890837,1.0061,0.3837291,0.26348776,0.1847003,0.17955223,0.15711358,0.15316844,0.19352123,0.21496664,0.104667984,0.1394991,1.6396196,8.080957,11.2762575,3.892619,2.007507,1.057935,2.1839578,2.2324526,2.3574994,4.1404586,2.0246668,0.96981555,1.6462334,2.6919513,3.2528746,3.6949813,2.2716012,1.9901156,0.42218718,0.41931498,0.58025736,0.59246826,0.40181503,0.27493387,0.60593635,1.3013144,1.7961078,1.7169123,1.9288225,2.4725494,2.536282,2.405098,2.6394372,2.9015608,2.455875,2.2837534
,2.7185307,3.5232227,3.8125892,3.788901,2.8324761,1.4315654,0.47823825,0.42491472,0.22559553,0.10729145,0.028247403,0.10694681,0.18887469,0.10633863,0.16624454,0.984401,5.501931,10.023977,5.5467286,2.304758,1.9143325,5.472617,2.7397282,2.0203073,0.9055524,1.7316809,2.5828912,3.7375185,3.5856056,2.338575,2.265933,2.066902,1.5829333,1.168566,0.52050674,0.36533263,0.37345877,0.42056018,0.24285004,0.19451155,0.6931279,1.5908029,1.9835814,1.8803674,2.1288347,2.5542395,2.338355,2.3501663,2.5429993,3.2625518
,2.4782312,2.3349087,2.7687502,3.3817332,4.0593615,2.7861729,1.4213171,0.42092958,0.24266493,0.19072579,0.2970553,0.1368979,0.16781229,0.2117278,0.21263452,0.14350569,0.1763434,1.3213497,6.203094,9.9782715,4.473264,1.9300866,1.0326116,2.9436312,1.3623943,3.4404228,3.2164376,1.5981525,1.1622022,1.3756255,2.2391987,3.288645,3.3360689,2.6821551,1.710359,0.89354694,0.5559429,0.41612324,0.4262552,0.3389121,0.25317085,0.17883866,0.40029487,1.0362505,2.0872953,1.96667,2.4068668,2.9679997,2.3742967,2.3846622
,2.826059,3.3721027,2.2408636,2.1845784,2.9378994,3.650311,3.869321,3.4711525,2.3474693,1.1125331,0.4091378,0.35362437,0.3524814,0.23297483,0.07281577,0.18730195,0.2201354,0.16453433,0.08873719,0.24613713,1.8617905,8.038216,9.575256,3.694765,1.6225876,1.2140596,2.589204,1.8699673,4.3600206,2.0340428,1.1009295,1.3825685,1.8626798,2.7304044,3.3752747,2.8683746,1.6791048,0.8832597,0.52858716,0.38000232,0.38626623,0.34501868,0.28692913,0.27005836,0.8730833,2.1565738,2.2890723,1.805723,2.1066206,2.8221018
,2.23486,2.1002963,2.7305999,3.646712,2.5172148,2.251639,2.754131,3.3752089,3.4684088,3.9260492,3.2514532,1.6176686,0.6359789,0.27825817,0.32485652,0.16532236,0.12735379,0.072787695,0.14377137,0.1146993,0.10345652,0.11192073,0.50671196,2.9569774,8.413442,2.9076195,1.1244216,2.6001828,0.86251944,1.985483,3.8268495,2.8864944,1.2024306,1.1316402,1.7328883,2.73178,3.648211,4.0698485,2.317004,1.042447,0.57340384,0.49932238,0.37904754,0.2816347,0.20927957,0.37665853,0.68553776,1.6677393,2.3852315,1.3818101
,1.7915066,2.8278873,3.1913724,2.136316,2.2704432,2.2828763,2.538531,2.1588683,2.1666112,2.8353195,3.7476292,4.60633,3.9257405,2.175544,0.2657635,0.32670736,0.4324197,0.3607753,0.18721564,0.05345965,0.12615846,0.127787,0.12107345,0.11565052,0.4224397,1.7848504,8.021092,8.656554,2.7842982,1.0170697,2.7869961,1.3536013,3.2047133,4.790573,3.0530114,1.0588554,1.023438,1.7083609,2.5325208,2.6364534,2.5561988,1.9455034,1.1832492,0.69580513,0.6252623,0.4917962,0.53705907,0.44974026,0.583786,0.89201677
,0.6291908,0.653135,0.67970854,0.8412842,1.0166253,1.3534485,1.1804193,0.94864964,2.0495598,4.2277956,4.2204065,3.3326068,3.0336397,3.2372801,2.7769427,2.2670271,1.8005782,1.2253524,1.1314725,0.9270403,0.60269475,0.39667583,0.36834332,0.3487632,0.3233174,0.3306765,0.477666,0.7182234,0.9495927,0.96293056,0.99283767,1.1262945,1.2785624,1.0689697,0.68206954,0.79640603,1.0804868,1.2659078,1.3217994,1.4672924,1.4063205,1.243526,0.9676399,0.8865089,0.88813585,0.9602287,1.0481019,1.1001925,1.105623,1.0496157
,1.0193582,0.9904069,1.0150709,1.0143368,0.9807786,0.9746654,0.99447906,1.0109447,1.0284333,1.0227714,0.9787499,0.9673746,0.97205085,0.9927482,1.0215435,1.0433956,1.0446411,1.0310329,0.9955396,0.98726517,0.9871729,0.9885503,0.99943846,0.99129474,1.0008714,1.0200657,1.0275832,1.0278817,1.0310912,1.0189904,0.9765668,0.98832977,1.0191844,1.0347736,1.0111341,1.0002646,1.0109792,1.016321,1.0223889,1.0193326,1.0259571,1.0614047,1.047092,1.0131804,0.9918441,0.9803385,0.99290985,0.99622136,0.9679684,0.9990585
,1.0536894,1.039088,1.011377,1.0198036,1.0274023,1.025977,1.0321254,1.0338333,1.0341443,1.0049542,0.99359274,0.97498167,0.98998934,1.0154767,1.0242133,1.0381408,1.046817,1.0553316,1.0321646,0.99298865,0.9912438,0.9988175,1.0016401,1.0030822,1.0060388,1.00765,1.0102766,1.0206465,1.0383139,1.0543661,1.0653702,0.99948996,1.113735,0.9263929,1.1755835,1.1132487,1.199853,1.0656602,0.86712873,1.2373315,0.8273669,1.218265,0.83595115,1.1821486,0.8975307,1.0395023,1.073318,0.8689119,1.2300161,0.8455039
,1.1027238,1.0672051,0.8477145,1.219923,0.94798774,0.8845043,1.2218748,1.0134155,1.1829132,0.88329613,0.9017399,1.0756747,0.95769143,1.0152835,1.0273887,0.9977964,1.0166026,1.011044,1.0067921,1.0071911,1.0136896,1.0145513,1.0132928,1.0004246,1.0111251,1.0036978,1.0044318,1.0180223,1.0122246,1.0160232,1.046353,1.0170836,1.0892152,0.8515241,1.0468221,1.0883087,0.927069,0.85519034,1.1926206,0.9279387,1.0013012,1.0718695,0.93380487,1.084865,0.95548004,1.0545982,1.01226,0.9328069,1.1390092,0.83693147,1.2234198
,0.84010804,1.0978034,1.0378237,0.9097701,1.1901792,0.89152145,1.0029379,0.9504766,0.88263893,1.0276477,0.9873333,1.0501177,1.0403392,0.9837992,0.987825,0.99679863,0.9990301,1.0033518,0.98814964,0.99657714,1.0212057,1.0408332,1.0272921,1.0023425,0.9939127,1.0025033,1.0119247,1.0158253,1.0091648,1.0164871,0.9329845,0.92424595,0.9134212,0.92790896,1.019819,0.8950029,0.87936395,1.1967306,0.8959938,1.0255318,1.078095,0.9557954,1.057004,0.96959287,1.078667,0.89868593,1.2195948,0.8208635,1.1735346,0.92811334
,0.97074926,1.1802437,0.8099791,1.155106,0.93988544,1.0969,0.8800891,0.9937963,0.9391324,1.0117203,0.9649454,1.002113,1.0050017,0.9994772,1.0199189,1.0089196,1.0063586,1.0085258,1.019948,1.0156742,1.0057578,1.0118825,1.0101671,0.99663925,1.0066785,1.0196506,1.0310682,1.0119177,1.0101236,0.99222064,1.0036304,0.9300302,1.1701418,1.0002624,0.9692968,1.1439835,0.8313288,1.116816,1.0034201,0.95907086,1.1023021,0.9221654,1.1078094,0.993098,1.0166162,1.0781112,0.9094706,1.1671951,0.7928857,1.184407
,0.8866109,1.0054358,1.1083077,0.83870316,1.2103419,1.1834401,0.890859,1.0379474,0.95338875,1.03256,0.96080285,0.9807676,0.9990141,1.0127207,1.012534,1.02031,1.0158341,1.0116292,0.9951896,0.98384285,1.0086999,1.0184426,0.997497,0.9949,1.0132481,1.0145235,1.0056577,0.99395055,0.98220104,0.9785791,0.9817266,0.97309095,0.9484993,0.92038316,0.8265432,0.8481207,1.0720596,1.2270247,1.106544,1.0450683,1.1257145,1.2010477,1.2381117,1.023433,1.1279287,1.1089662,0.9898432,0.8995834,0.835804,0.83540565
,0.8103271,0.8925755,0.9645078,0.9621414,0.9797187,1.1045232,1.1834698,1.2204969,1.4173304,1.5116979,1.5149812,1.3705262,1.4904965,1.9381378,1.9815117,1.8517936,1.9076676,1.6990249,1.6033031,1.5910095,1.8870599,1.8815866,1.6654618,1.6288704,1.1733906,0.89851725,0.6923035,0.75311357,0.63633984,0.32164037,0.1121517,0.06567871,0.10948135,0.1361839,0.21172722,0.39290732,0.76494706,2.164857,4.374153,4.944978,3.0834606,1.3531095,0.7317675,1.6490612,2.374188,2.5186727,2.3774447,1.4660153,0.9201032,1.1790786
,2.0756094,2.4403238,2.1608465,2.3136594,2.291903,1.2881334,0.56035197,0.66131985,0.7355994,0.5739266,0.42699122,0.32316425,0.3477848,0.5435311,1.1730682,1.8250768,1.8020284,1.40827,1.505559,1.766724,1.3871945,1.774952,2.5528896,3.1398108,2.6919327,1.6431247,1.2477542,2.294293,3.0832982,3.735417,4.177466,2.364875,1.8684516,1.870154,1.6483005,1.8523874,0.866672,0.47934958,0.5358088,0.73870575,0.6978991,0.70241,0.6510633,0.49434873,0.6308493,1.3803293,3.4190688,2.5608907,2.1065483,1.8388274
,1.8717954,3.1486633,3.8465724,7.149979,1.9289563,0.8921733,1.2931253,2.6915069,5.3695445,4.0664473,2.6805518,1.7516629,0.87650937,0.4478437,0.51288676,0.71656364,0.65993,0.42524374,0.23135325,0.13036723,0.31770647,0.84239656,1.5674151,1.6663959,1.3539735,2.2438068,2.9957933,2.2690525,2.1966724,2.2785378,2.3125637,2.528931,2.0507936,1.7464945,2.559722,3.0639982,3.6901581,2.3285604,1.0440696,0.50639486,0.36254954,0.2561881,0.48506302,0.26396382,0.16100697,0.13711564,0.18623851,0.15560122,0.11553627,0.42068806
,2.3250346,7.1740117,8.330436,3.3333108,1.3683954,0.9587755,4.1780963,4.880086,2.4458535,1.5482529,0.91863734,1.1790771,2.4059575,3.0897462,2.9738665,3.2986023,2.9167008,1.8439783,0.8177796,0.47627595,0.5178722,0.6125025,0.5269681,0.34409297,0.23493907,0.35162735,0.83817106,1.9881389,1.5512131,2.1407151,2.5707452,2.0054524,2.055693,2.4189038,3.535698,2.885023,2.4141512,3.2741606,3.4751184,2.785723,2.696045,1.842136,1.2961814,1.020975,0.72433215,0.25702623,0.10445251,0.17687225,0.1327628,0.065028735
,0.0770945,0.0779373,0.16118498,0.44110206,2.4373596,8.773998,8.09509,2.5949085,1.6762793,2.3910637,4.324664,3.9630103,2.3156939,1.0052866,1.0518109,1.8944961,3.4284027,2.7075295,2.7971773,2.3199406,1.3932172,0.58930755,0.56864065,0.5596922,0.5503651,0.5243085,0.25741377,0.13603307,0.28575197,1.0140495,1.76524,1.9657542,1.5778332,2.3838596,2.6943839,2.2359464,2.2257419,2.2706096,3.016361,2.5777907,2.0432277,2.612866,3.4123101,3.261007,3.3123076,2.7034702,1.590159,0.67929614,0.44542342,0.4089357
,0.33861238,0.19420929,0.088741966,0.093912005,0.1443075,0.11622864,0.09901311,0.26269454,6.5864143,8.779828,2.7472413,1.4205759,1.0200471,1.2011998,0.4801487,2.9714944,6.149913,2.809838,0.8195268,0.65613973,1.2542986,2.8325558,4.0756397,3.9693935,2.2038074,0.8122324,0.42325363,0.45065266,0.5952285,0.6608676,0.53749835,0.34905323,0.31300333,0.5850862,1.1058233,1.598516,1.6721094,1.6496798,2.2059689,2.0546086,1.8788075,2.44956,3.3354788,3.1033888,2.3007126,2.4958704,3.5346773,3.4161932,2.6679351,1.6647171
,0.82919425,0.58499444,0.56126714,0.2927578,0.2524863,0.17717262,0.10276567,0.18431713,0.10356522,0.061176706,0.17806111,1.0489066,4.838793,10.98823,4.364795,1.5540481,0.87557584,2.2872446,0.8550287,2.8982818,4.47609,2.1118946,0.732565,0.8370744,1.6004283,2.7722142,3.8197782,3.9048707,2.2288852,0.7087976,0.49467698,0.5127966,0.58125806,0.45023265,0.24733631,0.2224195,0.36583576,0.9152655,1.4862831,1.7485313,2.1139755,2.4035215,1.9419959,1.4769207,2.1800354,2.811616,2.5826645,1.9904451,2.4437304,3.169302,3.2324882
,3.5996494,3.4498723,1.6924653,0.7877229,0.45170504,0.41788113,0.43737885,0.31131625,0.17922051,0.10471517,0.15681452,0.16690423,0.10075096,0.17269644,0.6596137,3.4217968,9.227274,6.675029,2.2232327,1.094014,0.6838539,2.3603268,1.2062787,1.990463,3.9562018,2.4435089,0.89753795,0.86706924,2.6413174,3.2024727,3.2993977,1.9571074,1.0387844,0.6095418,0.564151,0.63644904,0.567247,0.47524422,0.28809467,0.17851692,0.46317437,1.0682232,1.7976298,2.264466,1.872928,1.8012028,2.2965238,2.2251754,1.4402064,1.6662081
,2.3476834,2.7547805,2.5368874,2.9846287,3.5292077,3.768103,2.809354,1.9500957,1.2226201,0.8571805,0.6745266,0.39190045,0.2739075,0.33232036,0.2387238,0.1399205,0.050830934,0.14278114,0.29464656,0.37537602,1.3602775,4.7145195,5.540384,3.1208622,1.8478236,1.1939844,0.5448998,0.76003516,2.8513384,4.11566,2.5423453,0.8167652,0.684714,0.8676851,1.4684861,1.9492402,1.6054024,1.1679832,0.9440648,0.9235429,0.90861034,0.8414572,0.7960166,0.76366806,0.73642284,0.789883,0.93753463,1.0703181,1.062678,1.0901766
,1.3139396,1.5048139,2.5730689,2.1037633,4.227093,0.9057681,0.86261624,0.72825503,0.77001715,1.0525223,1.2196987,1.4078366,1.5724956,1.4090624,1.2160062,1.0229707,0.99209577,0.9619949,0.9368313,0.95186734,1.0173903,1.0641124,1.0938268,1.095277,1.0440382,0.9936399,0.97513574,0.99955845,1.0724216,1.0549269,1.0056018,0.98023087,1.0154998,1.04666,1.0184478,0.96361905,0.92656326,0.95272636,0.9990099,1.0671501,1.1260668,1.1225883,1.0734288,1.0205133,0.9924223,1.0022594,1.003136,1.0013385,1.00226,0.9910819
,1.0858849,1.0161232,0.8520294,0.897885,1.0212246,1.1344849,1.0989299,1.0401016,1.0376563,1.0559217,1.0682594,1.0366862,0.988539,0.9436715,0.9401418,0.9803858,1.0077502,1.0149626,1.0322398,1.0273546,1.0018855,1.0083183,1.0245984,1.016739,1.0247337,1.0128033,0.99668676,1.0088435,1.0144564,0.99928904,1.006695,1.004534,1.006188,1.0173459,1.0122269,1.0124549,1.0067649,1.0139958,1.0116398,1.00574,1.0064735,0.9976611,1.0074376,1.018028,1.0218555,1.0172104,1.0085847,1.0180619,1.0063394,1.011192
,1.0093681,1.0112334,1.0072819,1.0085628,0.9926299,1.0059786,1.0055071,1.0046794,1.0146544,1.003418,1.0033904,1.01938,1.0166423,1.0224867,1.0073642,1.0010675,1.0100172,1.0129462,1.0139288,1.0043422,1.0044479,1.011799,1.0052919,1.0107049,1.019314,1.00341,0.9972172,1.0087826,1.0058408,1.0060176,1.0175961,1.0051863,1.0007411,1.005039,1.006952,1.0158502,1.0080845,1.0043453,1.0116746,1.0146064,1.0080081,1.0048903,1.0036454,1.0069343,0.99858963,1.01275,1.0234953,0.9993703,1.0068427,1.0245394
,1.0133278,1.0104926,1.0072113,1.0008115,0.99258286,1.0052874,1.015691,1.0183929,1.0137438,0.99886394,1.0097916,1.0110923,1.0028148,1.0031216,1.0088379,1.0114326,1.0163524,1.0179585,0.9541922,0.8716916,1.1735995,1.0758758,1.1944928,0.8847401,1.0511452,1.0263088,0.9867085,0.99387115,1.0769156,0.9066944,1.1883926,0.82277435,1.1720817,0.93398255,0.9757108,1.1787492,0.8337427,1.0995394,1.1132181,0.8242897,1.0870863,1.1206439,0.9460943,1.0050173,1.0246141,1.1123041,0.99670106,1.0121318,0.9531566,0.97631866
,0.99921936,1.025421,1.0106956,1.0182179,1.009977,1.0125825,1.0193099,1.02318,1.0180268,1.0081657,1.0079031,1.0208637,1.0193115,1.0101461,1.0096524,1.0282513,1.0927716,1.0147644,1.1639794,0.86748475,0.83813614,0.84713626,1.0826488,1.1366667,0.8436017,1.230199,0.8363248,1.1906906,0.81094575,1.1725347,0.8103048,1.2174637,0.8741515,1.1502838,0.9518194,1.0243766,1.0836966,0.8242154,1.2408423,0.89037764,1.0949941,1.0158557,1.1723899,4.2858095,4.0873556,1.2431774,1.3303144,0.83468777,0.7648124,0.9958556
,1.1368786,1.0452083,1.0066108,1.013514,1.0135806,1.020017,1.0467817,1.0521314,1.0322087,0.9852384,1.0056298,0.9938489,1.0189205,1.0359678,1.0536208,1.0373813,1.0711707,0.90623355,1.1298052,0.8503283,0.9346156,0.8941,0.85745794,1.1025605,1.1500003,0.8433405,1.1073583,1.0449891,0.9195786,1.2123716,0.8383025,1.209882,0.8538648,1.2201325,0.8431564,1.2090687,0.83695984,1.2284697,0.85277516,1.1845458,0.9102096,0.94750035,1.1961851,1.0157784,1.0967206,1.0240974,1.0543411,1.0190847,1.0202413,1.0145333
,1.0159757,1.0289354,1.0324991,1.0274211,1.0348538,1.0370923,1.0358407,1.0151467,1.0203247,0.9956845,1.0160329,1.0348859,1.0425369,1.0136006,1.0120242,1.0106375,1.0207398,1.0181286,1.019035,1.0229343,1.0209147,1.0183359,1.0406477,1.0333966,1.0264984,1.0069532,1.0079368,1.0292871,1.0442202,1.0254629,1.0033087,1.0165305,0.993163,0.98297656,0.99566364,0.83734524,0.8677644,0.88396007,1.0552197,1.1803317,0.8792123,1.0071495,1.1840897,0.8479997,1.1975582,0.9154048,1.0665418,1.0048472,0.99083644,1.0807006
,0.94866663,1.1075218,0.94566983,1.0964336,0.9674949,1.064647,1.0101085,1.081544,1.132373,0.8969205,0.97014046,0.948602,1.1093721,1.0674603,0.89099044,1.129053,1.0127463,1.0594001,1.0329747,0.9963291,1.019076,1.0317422,1.0208157,1.0100994,1.0271778,1.0357186,1.0342689,1.0299674,1.0180358,1.0006379,1.0086254,1.0545608,0.94435626,0.8697316,1.2046001,1.068697,1.101004,1.228457,1.0689195,0.8150795,1.1526395,1.0490072,0.8856805,1.2339132,0.82517934,1.2119206,0.86684406,1.1519756,0.9036563,1.1250516
,0.90799505,1.1406413,0.9009446,1.1588746,0.8289488,1.1550887,0.8341499,1.1468737,1.0282437,1.1193416,1.0519749,1.1254262,0.9683426,1.022046,1.0087403,0.99860996,0.9866527,1.0050335,1.0114487,1.0325396,1.029716,1.0257763,1.0231093,1.0227025,1.0193299,1.0148213,1.0122117,1.022009,1.0217127,1.0258033,1.0154852,1.0705708,0.92010224,0.98678946,1.0601624,1.2123535,1.1936964,1.0485687,0.82882327,1.0656357,1.151295,0.8243453,1.1898228,0.9169937,1.0696588,1.0233917,0.9524782,1.0885825,0.9366628,1.1102749
,0.9428314,1.073714,0.96509534,1.0522314,0.92205536,1.1505696,0.9873776,1.1076655,0.898845,0.9685275,0.93630844,1.0586625,1.0582689,1.0426111,1.0258172,0.9972015,1.0164341,1.0127367,1.0189859,1.0053465,1.0014399,1.0175397,1.0158074,1.010407,1.0132973,1.0028903,1.0109279,1.0170712,1.0179248,1.0045938,1.0079192,0.98489255,1.0989232,1.0821635,0.8826241,0.8818836,0.8900138,0.8273295,0.9943444,1.2029339,0.87864083,1.0160047,1.1433743,0.83272994,0.81538993,1.1987104,0.8508966,1.1961133,0.8435009,1.1956501
,0.8385262,1.2330097,0.82539076,1.2284038,0.83387923,1.0796881,0.85389155,1.0448437,0.95955104,1.0293939,1.1283885,1.0600636,1.0344692,1.0063365,0.98138237,1.0391759,1.023179,0.9995877,0.9942492,0.9231051,0.8756154,0.8990586,0.94395494,0.96234685,0.9202552,1.0006087,1.0839185,1.1994684,1.2525294,1.2422324,1.2208445,1.2697209,1.4782472,1.5999013,1.8446007,1.7034624,1.625584,1.4245013,1.1242627,1.2596203,1.494304,1.3434653,1.2397624,1.2752954,1.1963892,1.0570396,1.1300247,0.97165877,0.76558656,0.67970914
,0.6560494,0.64014703,0.46574855,0.3873252,0.39624923,0.3903825,0.31759152,0.28633928,0.35213268,0.65989333,1.8384621,3.788048,3.8706715,2.155367,1.186886,0.8807748,1.3114495,2.3597746,3.1391897,2.5408564,1.0734774,0.8450319,0.60728526,1.2595726,2.7397294,2.6746802,2.3498254,1.3555541,0.7485836,0.79443896,0.75216734,0.9700293,0.92030674,0.75421035,0.5859061,0.441078,0.5046292,0.8096486,1.1221906,1.4150342,1.2568628,1.0123999,1.3076351,1.7035823,1.561821,1.4560398,1.692241,1.9669783,2.1023014,2.6212835
,2.212611,1.7488055,1.9071076,2.3907833,2.4260297,2.270842,1.9379393,1.2413614,1.0992612,0.71189404,0.353228,0.29249972,0.3226746,0.21717735,0.12268101,0.05679941,0.12461146,0.2710319,0.97322416,4.048788,9.532305,3.2795205,1.1352488,0.90695935,0.78671527,2.4093435,4.347977,1.4678876,0.82783943,0.60401064,1.1828833,1.8845366,2.4706767,2.648996,2.9931927,2.1321836,0.850911,0.62993,0.68181187,0.8492008,0.7118988,0.5182762,0.39099625,0.43078753,0.63300335,1.1236358,1.4776139,1.4124273,1.1559113,1.4120873
,1.8965878,1.7924314,1.6346452,1.5533901,2.1975172,2.6642015,2.125991,1.7413923,2.1517282,2.5873168,2.516854,2.200962,1.6120279,0.81460124,0.74249274,0.78674906,0.4589084,0.37028825,0.34989777,0.2559574,0.13752751,0.13309725,0.12013281,0.122830704,0.191948,0.5401003,2.1948266,8.318412,8.016076,1.6687067,0.7285401,0.9564729,1.5431159,3.5459294,4.040342,1.5136446,0.87532127,0.70836693,1.2651923,2.1739185,2.5275772,3.2699316,2.7608824,1.2248687,0.63484937,0.6985048,0.7633896,0.49690503,0.501343,0.4688271
,0.480926,0.7772587,1.2074133,1.7039483,1.5072254,1.3990113,1.7466031,2.0344472,1.724979,1.5751568,1.8838097,2.4634428,2.3981268,2.2109823,2.0938954,2.5216153,2.6744776,3.1700575,2.9618742,1.7074571,0.9052218,0.6171044,0.44049862,0.76490366,0.5682112,0.3563908,0.13220757,0.09054201,0.08402152,0.04686117,0.10124588,0.12781842,0.24952582,1.1214546,3.9158297,3.4309013,1.7802949,1.6669017,0.93529624,0.7362789,2.159912,5.0815077,3.1715846,0.7870731,0.73664963,0.77796793,1.5053306,2.0966816,2.6273644,2.347515
,1.0916632,0.71302265,0.6725867,0.7656511,0.8055989,0.9054879,0.9991779,1.0085082,0.88674194,0.78010607,0.83172864,1.0712011,1.2424561,1.138673,0.9985288,1.0458021,1.2928209,1.5332211,1.683309,1.7182239,2.0593054,2.2313545,2.2861993,2.150275,2.0925763,2.080787,1.8705168,1.7859429,1.3668045,1.0950916,0.9579611,0.68085957,0.4866972,0.5007133,0.63629603,0.4504711,0.17766772,0.15989757,0.21946837,0.28983828,0.3661414,0.81099945,1.522642,2.9966438,2.731966,2.3684568,1.6327207,1.0005379,0.66780734,0.764059
,1.5393653,3.3839822,4.7530894,0.93003553,0.33742264,0.40497,0.79083264,1.168498,1.4914273,1.5797852,1.3256098,1.0515,1.0104921,0.9220614,0.91995156,0.9512432,0.9434716,1.0620553,1.0679737,0.99933386,0.96281016,0.97113234,1.0484903,1.1164346,1.0703107,0.9770521,1.0320776,1.0587797,1.0797582,1.1105137,1.0289153,0.9698238,1.0019709,1.0848185,1.0933642,1.0055721,0.98799014,1.1346232,1.1755611,1.0858538,0.97299325,0.9139235,0.89748085,0.9455981,0.94923866,0.9563595,1.0296694,1.0840863,1.0922889,1.095833
,1.0503932,1.0273093,1.0225108,1.0371006,1.0375466,1.0392485,1.008011,0.9943786,1.0103847,1.044175,1.0572892,1.029212,0.9967796,0.9539747,1.0152706,1.0864636,1.080986,1.0279096,1.0374707,1.0532713,1.0764612,1.0746961,1.056906,1.0268091,0.9964657,0.9948629,1.0282978,1.052371,1.0637615,1.0493851,1.0676099,1.0706264,1.0535831,1.0289497,1.013605,1.0165709,1.0384377,1.0389689,1.0345834,1.0220028,1.0319186,1.0209686,1.0152757,1.0303915,1.0414959,1.0209602,1.0095451,1.0066996,1.0113469,1.0266087
,1.0488739,1.0457743,1.0490319,1.0375019,1.0286487,1.0175775,1.0192012,1.0224407,1.0266962,1.0325627,1.034765,1.0333275,1.0247798,1.0225857,1.0203154,1.0092641,1.0264697,1.0412169,1.0260173,1.0685622,1.054911,1.0562533,1.036907,1.0085413,1.0061175,1.011145,0.9996323,1.0362576,1.1016655,1.0837457,0.9690472,0.9504568,1.1649616,1.2559981,1.2582532,1.0770203,0.82207626,1.2660315,0.83851975,0.82425934,1.2583005,0.86141485,1.1455365,0.9535378,1.0089685,1.1724943,0.8752746,1.2293535,0.93011504,0.9923902
,1.2135978,0.8451377,1.0770402,1.0819726,0.90023756,0.8959923,1.1623718,1.0935593,1.1153368,0.98471785,1.0409343,1.0564653,1.0328707,1.0229433,1.0280541,1.0261346,1.0347178,1.0524131,1.0585728,1.0291754,1.006458,1.0119511,1.026309,1.023046,1.0149428,1.0263777,1.0305617,1.0334562,1.0223192,1.0131928,0.91078645,1.1960307,1.0661197,1.1468136,1.1968468,0.86029357,1.1143832,1.018448,1.0037221,1.049243,1.0341603,1.0183473,1.1001831,0.90058804,1.2064812,0.8337828,1.2057712,0.92259586,1.041413,1.1438036
,0.85526574,1.240114,0.92986655,0.9915018,1.0025533,0.9579582,1.0972836,1.0130862,1.0937113,0.9856896,1.0104232,1.0366402,1.0185755,1.0176934,1.034629,1.0425737,1.0295452,1.0194398,1.0200925,1.031182,1.0433638,1.0349455,1.0155897,1.0233262,1.0343355,1.03217,1.0232886,1.0285631,1.0434523,1.0052215,1.1020781,0.9311761,1.085241,1.0112661,0.8589935,1.1228622,1.0873829,0.89443696,1.1902639,0.85444725,1.1968161,0.88279015,1.1548837,0.9589685,1.0283079,1.1012125,0.8844409,1.2388158,0.84607595,1.1589993
,1.0149673,0.9221263,1.2209148,0.8411665,1.2061896,1.099848,1.0322729,0.9851375,1.0951446,1.0044117,1.0021288,1.0044073,1.0296866,1.0205321,1.0267912,1.0302144,1.0401847,1.0390388,1.021756,1.0134195,1.0245847,1.0351228,1.0424368,1.0241649,1.0154636,1.0255802,1.0364565,1.024548,1.0343472,1.0884979,1.1797023,0.93163824,0.85297245,0.8653152,1.059614,1.2130661,0.88078505,1.0380843,1.1270015,0.8730974,1.2263876,0.8375106,1.2130803,0.86423826,1.2072003,0.86543715,1.2008798,0.87564075,1.235657,0.8513103
,1.2187691,0.84515935,0.85205007,1.1221782,0.91036785,1.1781423,1.1125687,0.942887,1.0780398,1.1037105,1.0895914,1.0498686,0.9717556,0.9797747,0.8616697,1.1158882,1.104382,0.60945886,1.071938,1.1177038,1.0879794,0.94354993,0.8961333,0.924853,1.0663602,1.0385685,1.0639086,1.0408269,1.0406569,0.9643041,0.9795712,1.0317931,1.024458,0.90757006,0.90078264,1.0616277,1.0925106,1.054088,0.9726619,1.1309772,1.1350473,1.1763779,1.0525073,0.819314,0.81167626,0.96305496,1.0982465,0.94119763,1.8303059,1.1323857
,0.8925735,1.024594,1.0566783,1.0886675,1.140065,1.0192075,1.1177914,0.9602531,0.94877535,0.8789431,1.0422342,1.2639754,0.605697,0.6566163,1.1586696,1.3133814,1.4518055,0.92125905,0.924748,1.7224162,1.5418607,0.9533526,0.8291642,0.7751827,1.0506669,1.5254304,1.0611608,0.95586497,1.3718512,1.8548636,2.4555311,2.5606384,2.8630023,1.0193037,1.8449005,2.234026,2.3216612,3.4172885,1.8798189,1.5302378,1.6431595,1.9291439,2.5668263,2.5346727,2.5484612,2.072623,1.5815938,1.1815977,0.9905833,0.95146173
,0.86281306,0.6069791,0.5178461,0.5009208,0.65178555,1.199478,1.8373463,2.3092139,6.199968,0.88618046,0.61515313,1.0616964,2.3607974,1.8330328,0.8892744,1.1567115,1.4687686,1.2056178,0.91682595,0.9972934,1.1137882,0.8887763,0.8738158,1.0755966,1.0593989,0.94859654,1.1715591,1.3815874,1.5230145,1.4519359,1.1971817,1.237677,1.2342267,1.1032954,0.8767168,1.2676997,1.1885179,1.0893471,1.0211323,1.1097993,1.1280129,1.2963645,1.1409158,1.0961385,1.122566,1.1492281,0.991159,0.9600882,1.0355332,1.0815196
